1
1023
1405
3
201010
Mila
1406
5
201110
Jack
1805
-1
201320
Kali
2401
8
201910
Roy
2402
0
201210
Harley
0
1
2023
2405
4
201010
Roy
2401
8
201110
Jack
4805
10
201320
Mila
2401
9
201910
Roy
2402
10
201210
Harley
0
1
1063
1805
12
201010
Mila
1906
-1
201110
Harley
1805
-1
201320
Kali
2401
8
201910
Roy
2402
10
201210
Jack
0
1
5023
4405
10
201820
Jila
2406
10
201110
Jila
1807
-1
201320
Kali
2401
8
201910
Roy
2407
0
201220
Harley
0
1
7777
1406
7
201020
Mila
1409
5
201130
John
1805
10
201320
Kali
2401
8
201910
Roy
2302
10
201220
Harley
0
1
1080
1470
7
201030
Mila
1406
5
201110
Jack
1805
-1
201320
Kali
2401
8
201910
Roy
2402
0
201210
Harley
0
1
6040
3405
7
201010
Mila
3406
8
201120
Jack
4805
10
201320
Kali
2404
11
201910
Roy
2402
0
201210
Harley
0
1
7023
4405
3
201010
Mila
4406
5
801110
Jack
3805
-1
201320
Kali
4401
8
201910
Roy
3402
10
201210
Harley
0
1
4580
1405
3
201020
Jack
1406
8
201110
Jack
1805
10
201320
Jila
2401
8
201910
Roy
2402
10
201220
Kali
0
1
6060
4505
8
201020
Mila
3406
5
201110
Jack
2805
-1
201320
Kali
2401
8
201910
Jila
2402
10
201220
Harley
0
1
7070
2405
10
201010
Jack
1406
6
201110
Jack
1805
-1
201320
Kali
2401
-1
201910
Roy
2402
0
201210
Harley
0
1
1923
5405
0
201010
Mila
4406
0
201110
Jack
3805
-1
201320
Kali
2401
0
201910
Roy
2402
0
201210
Harley
0
1
9023
3405
7
201030
John
1406
0
201110
Jack
1805
-1
201320
Kali
2401
0
201920
Roy
2402
0
201210
Harley
0
1
1124
1805
-1
201030
Mila
1406
-1
201130
Jack
1815
-1
201320
Kali
0401
8
201930
Roy
2402
0
201230
Harley
0
1
1024
1405
0
201610
John
1405
7
201930
Kali
1406
10
201710
Jack
1805
0
201010
Mila
1010
10
201820
Harley
0
1
1032
1405
9
201220
Roy
1406
11
201430
Roy
1805
4
201830
Mila
2402
7
201530
Roy
2406
12
201830
Jack
2401
6
201710
Roy
2404
5
201330
Harley
0
0
0
